size	self.epochs	time_taken	cost
500	0	0:00:01.694472	0
500	5	0:00:03.058856	3.593768966992864
650	10	0:00:03.362855	3.4239627199642677
800	15	0:00:03.404659	3.2909737412934543
950	20	0:00:03.448561	2.939062250289442
1100	25	0:00:03.496622	2.9440021397567615
1250	30	0:00:03.547672	2.600210202403456
1400	35	0:00:03.614355	2.5361854755481534
1550	40	0:00:03.677020	2.348525014194882
1700	45	0:00:03.746989	2.319904765423975
1850	50	0:00:03.807287	2.2586838522420742
2000	55	0:00:03.864493	2.1892769577697253
2150	60	0:00:03.919414	2.1698677394584953
2300	65	0:00:03.980298	2.1419304926417695
2450	70	0:00:04.040747	2.163348614626789
2600	75	0:00:04.104655	2.109641380308721
2750	80	0:00:04.170269	2.107282746897875
2900	85	0:00:04.248560	1.9926290424553046
3050	90	0:00:04.350953	1.990149984325354
3200	95	0:00:04.429342	1.9866537418501427
3350	100	0:00:04.505497	1.9058873613921057
3500	105	0:00:04.854653	1.8583556141349107
3650	110	0:00:04.935547	1.8729837895087065
3800	115	0:00:05.015246	1.8309164107124047
3950	120	0:00:05.098706	1.8082226615543833
4100	125	0:00:05.180572	1.7639113807607933
4250	130	0:00:05.269796	1.7598598159592114
4400	135	0:00:05.354573	1.7376361541856007
4550	140	0:00:05.440684	1.695394094938879
4700	145	0:00:05.532419	1.7357612337636665
4850	150	0:00:05.623482	1.6712728121849245
5000	155	0:00:05.716572	1.647390589504577
5150	160	0:00:05.818243	1.6301513509950856
5300	165	0:00:05.924675	1.629079303692287
5450	170	0:00:06.052909	1.6131667672535834
5600	175	0:00:06.191836	1.5413543382972252
5750	180	0:00:06.386728	1.547238985859251
5900	185	0:00:06.552395	1.5178487894080552
6050	190	0:00:06.696608	1.4973073499835554
6200	195	0:00:06.810837	1.4833019161053556
6350	200	0:00:06.928837	1.4870967079147681
6500	205	0:00:07.395287	1.4624051323611695
6650	210	0:00:07.574034	1.4235575607549027
6800	215	0:00:07.713472	1.4055739569545855
6950	220	0:00:07.847214	1.3937884991622376
7100	225	0:00:07.986117	1.3650635311675412
7250	230	0:00:08.117479	1.3629762987975296
7400	235	0:00:08.250264	1.3364114134417777
7550	240	0:00:08.379463	1.3308149438124965
7700	245	0:00:08.511145	1.3280622198022434
7850	250	0:00:08.649810	1.2979131771075705
8000	255	0:00:08.793847	1.283853825585405
8150	260	0:00:08.936695	1.275226235078248
8300	265	0:00:09.081865	1.2413165627602558
8450	270	0:00:09.219157	1.2129469199734264
8600	275	0:00:09.372305	1.1944039042080634
8750	280	0:00:09.522743	1.1989411804164505
8900	285	0:00:09.674778	1.1692118758980663
9050	290	0:00:09.826072	1.1658247952686547
9200	295	0:00:09.978000	1.133903018387924
9350	300	0:00:10.129807	1.1245166540484683
9500	305	0:00:10.690962	1.0903988482813236
9650	310	0:00:10.851178	1.084136773064316
9800	315	0:00:11.019601	1.0551349530111462
9950	320	0:00:11.186440	1.029454875714157
10100	325	0:00:11.350682	1.0165601444682764
10250	330	0:00:11.540634	1.001301267473567
10400	335	0:00:11.708275	0.9946629228408965
10550	340	0:00:11.894304	0.9466639766660905
10700	345	0:00:12.075229	0.9560981464010688
10850	350	0:00:12.265245	0.9256581554546134
11000	355	0:00:12.437853	0.9097297542459091
11150	360	0:00:12.619525	0.8859396041601668
11300	365	0:00:12.797434	0.878725511740213
11450	370	0:00:12.980082	0.8538603264257989
11600	375	0:00:13.228160	0.8268234382052023
11750	380	0:00:13.540183	0.8225010539693378
11900	385	0:00:13.799684	0.8055914964175843
12050	390	0:00:13.993651	0.7891581355094247
12200	395	0:00:14.200397	0.7555814309347596
12350	400	0:00:14.395336	0.7363879878094362
12500	405	0:00:15.097270	0.7078574529792114
12650	410	0:00:15.297196	0.7153743060741711
12800	415	0:00:15.499938	0.6694675180840203
12950	420	0:00:15.705345	0.6633781828309799
13100	425	0:00:15.904622	0.6483690603496884
13250	430	0:00:16.127895	0.6274120842932099
13400	435	0:00:16.334642	0.6006387318970378
13550	440	0:00:16.567838	0.5841196612918321
13700	445	0:00:16.799476	0.5780992802250567
13850	450	0:00:17.032130	0.5570661335683693
14000	455	0:00:17.254290	0.5370917046661767
14150	460	0:00:17.479091	0.5178779556511517
14300	465	0:00:17.711835	0.49785633739601415
14450	470	0:00:17.973584	0.4878663535640773
14600	475	0:00:18.249871	0.47031162657800407
14750	480	0:00:18.718731	0.44764294596912174
14900	485	0:00:19.019606	0.42246005627098354
15050	490	0:00:19.295730	0.42409990284370075
15200	495	0:00:19.550978	0.399089564697159
15350	500	0:00:19.809006	0.3885364505623035
15500	505	0:00:20.551604	0.37284996040238483
15650	510	0:00:20.839264	0.3591096924879932
15800	515	0:00:21.099540	0.3311529896143662
15950	520	0:00:21.359604	0.31419650104990304
16100	525	0:00:21.627997	0.3010667315024028
16250	530	0:00:21.891253	0.28336821752119434
16400	535	0:00:22.150864	0.28089494739631976
16550	540	0:00:22.411365	0.2668538420704205
16700	545	0:00:22.697547	0.23898147454539428
16850	550	0:00:22.987769	0.23258228390630986
17000	555	0:00:23.274903	0.22332682506075793
17150	560	0:00:23.551060	0.19210641453291083
17300	565	0:00:23.867501	0.17837336184747918
17450	570	0:00:24.280869	0.1696188414723268
17600	575	0:00:24.611781	0.1528930713272223
17750	580	0:00:24.904613	0.14250661891519145
17900	585	0:00:25.194871	0.12846374295601048
18050	590	0:00:25.483869	0.12293140099693474
18200	595	0:00:25.768715	0.10547293408836225
18350	600	0:00:26.055745	0.09531443460450692
18500	605	0:00:26.934976	0.0840296177421261
18650	610	0:00:27.233061	0.07296893111913222
18800	615	0:00:27.542309	0.061380051389217094
18950	620	0:00:28.013039	0.059860431880045945
19100	625	0:00:28.362666	0.05777605511326115
19250	630	0:00:28.678395	0.04742219466238115
19400	635	0:00:28.995170	0.04126343483591987
19550	640	0:00:29.308280	0.026553708899685804
19700	645	0:00:29.621861	0.02111842275476318
19850	650	0:00:29.973363	0.015165277235878485
20000	655	0:00:30.315203	0.011674491585366433
20150	660	0:00:30.645503	0.003476983676138029
20300	665	0:00:30.967968	0.00244244165786767
20450	670	0:00:31.286091	-0.007423535330916133
20600	675	0:00:31.616161	-0.0068158328627480405
20750	680	0:00:31.953470	-0.007549543138566509
20900	685	0:00:32.290585	-0.0012719816142259454
21050	690	0:00:32.624825	0.0009894039012085922
21200	695	0:00:32.958336	0.0014105984267760035
21350	700	0:00:33.297231	-0.006186154971412052
21500	705	0:00:34.212367	-0.011352659826344867
21650	710	0:00:34.566403	-0.00994175115592694
21800	715	0:00:34.929863	-0.010547456557149627
21950	720	0:00:35.405948	-0.008562187139918003
22100	725	0:00:35.853451	-0.025042607368164497
22250	730	0:00:36.225419	-0.024005853652684556
22400	735	0:00:36.577223	-0.027117355873867276
22550	740	0:00:36.931561	-0.026384676792814293
22700	745	0:00:37.295730	-0.027794183668174762
22850	750	0:00:37.667744	-0.027174914303428797
23000	755	0:00:38.031765	-0.025476056095683826
23150	760	0:00:38.406252	-0.03265584632693195
23300	765	0:00:38.808005	-0.035032432875495616
23450	770	0:00:39.215906	-0.03565047965473958
23600	775	0:00:39.591749	-0.04109096577116232
23750	780	0:00:39.961376	-0.050561091385476875
23900	785	0:00:40.332277	-0.04128287036502875
24050	790	0:00:40.705499	-0.052242171681832324
24200	795	0:00:41.080640	-0.0396533733173552
24350	800	0:00:41.454715	-0.045734379261576134
24500	805	0:00:42.520710	-0.04323930950072979
24650	810	0:00:42.918912	-0.04001749393725563
24800	815	0:00:43.318616	-0.04304102559688621
24950	820	0:00:43.737703	-0.04930045808467444
25100	825	0:00:44.136179	-0.05483420614929711
25250	830	0:00:44.530014	-0.052997614104732256
25400	835	0:00:44.928852	-0.056719458043158616
25550	840	0:00:45.334396	-0.05150119162337791
25700	845	0:00:45.741669	-0.05121804827803152
25850	850	0:00:46.156222	-0.051373730565433595
26000	855	0:00:46.766821	-0.05213843884476799
26150	860	0:00:47.233828	-0.04933010534610546
26300	865	0:00:47.647386	-0.052413736962978144
26450	870	0:00:48.068841	-0.05362866615879175
26600	875	0:00:48.497622	-0.04626254092783708
26750	880	0:00:48.951278	-0.049277130580760546
26900	885	0:00:49.406184	-0.05765139087566658
27050	890	0:00:49.840043	-0.05667505960675318
27200	895	0:00:50.265465	-0.052654296097600424
27350	900	0:00:50.695854	-0.05294406761095449
27500	905	0:00:51.804045	-0.054363365246637624
27650	910	0:00:52.237372	-0.05633888076207066
27800	915	0:00:52.685624	-0.06023693299840406
27950	920	0:00:53.124967	-0.05622716679114336
28100	925	0:00:53.575460	-0.06247811171283868
28250	930	0:00:54.043821	-0.05641067606276328
28400	935	0:00:54.495345	-0.0527295685502084
28550	940	0:00:54.936656	-0.05253207986689197
28700	945	0:00:55.397467	-0.05281871662207686
28850	950	0:00:55.907125	-0.05739906707433155
29000	955	0:00:56.591972	-0.056896532030007246
29150	960	0:00:57.071338	-0.05486705767710352
29300	965	0:00:57.544239	-0.06281374077297928
29450	970	0:00:58.023020	-0.058327498273882054
29600	975	0:00:58.501735	-0.0590396675625179
29750	980	0:00:59.029143	-0.05570697689804291
29900	985	0:00:59.497944	-0.05937967188259829
30050	990	0:00:59.977316	-0.057086303723734376
30200	995	0:01:00.478691	-0.05545388025828902
30350	1000	0:01:00.994518	-0.059326013904301714
30500	1005	0:01:02.217008	-0.05429529874340215
30650	1010	0:01:02.704870	-0.05470864094670395
30800	1015	0:01:03.201818	-0.057125319852433236
30950	1020	0:01:03.693497	-0.06439465885901519
31100	1025	0:01:04.222735	-0.06082433897026936
31250	1030	0:01:04.746848	-0.06031408779991619
31400	1035	0:01:05.253746	-0.05908786345549544
31550	1040	0:01:05.755137	-0.06414009520685611
31700	1045	0:01:06.260397	-0.06188342898014829
31850	1050	0:01:06.767807	-0.06052032043736284
32000	1055	0:01:07.273986	-0.060452371970335365
32150	1060	0:01:07.788540	-0.06413404659260677
32300	1065	0:01:08.297448	-0.0654783609263848
32450	1070	0:01:08.815287	-0.06064290194571393
32600	1075	0:01:09.352213	-0.06252173266722989
32750	1080	0:01:09.983806	-0.05674382205837712
32900	1085	0:01:10.556500	-0.06190756457248294
33050	1090	0:01:11.126617	-0.06438469273742212
33200	1095	0:01:11.679635	-0.06325783990012677
33350	1100	0:01:12.222505	-0.06633928398214517
33500	1105	0:01:13.595725	-0.06649222213246804
33650	1110	0:01:14.158750	-0.06322817735765629
33800	1115	0:01:14.710291	-0.06310221319048076
33950	1120	0:01:15.284646	-0.06547602608469369
34100	1125	0:01:16.085376	-0.06530337307644508
34250	1130	0:01:16.701284	-0.06862824043923503
34400	1135	0:01:17.263968	-0.07168116601931579
34550	1140	0:01:17.837290	-0.06816373038697666
34700	1145	0:01:18.446261	-0.07122528830212041
34850	1150	0:01:19.051898	-0.06547273288363242
35000	1155	0:01:19.626398	-0.06787598980782858
35150	1160	0:01:20.244490	-0.06484975344986577
35300	1165	0:01:20.893982	-0.06611781666608779
35450	1170	0:01:21.466923	-0.06680434597710734
35600	1175	0:01:22.062861	-0.06737670281758
35750	1180	0:01:22.634409	-0.06145701132706684
35900	1185	0:01:23.213529	-0.06422322278126262
36050	1190	0:01:23.793031	-0.05810089938004915
36200	1195	0:01:24.372904	-0.06303577255564531
36350	1200	0:01:24.948490	-0.06256239898097204
36500	1205	0:01:26.334691	-0.06599737042357376
36650	1210	0:01:26.918787	-0.06603647182441896
36800	1215	0:01:27.495574	-0.06963036378145813
36950	1220	0:01:28.115590	-0.06573449238453813
37100	1225	0:01:28.701979	-0.06713214417456131
37250	1230	0:01:29.314642	-0.06831007122467184
37400	1235	0:01:29.912236	-0.06520072550256938
37550	1240	0:01:30.496637	-0.06419087450682096
37700	1245	0:01:31.113317	-0.064260203432843
37850	1250	0:01:31.710529	-0.06597747532817774
38000	1255	0:01:32.317284	-0.06880044163345897
38150	1260	0:01:32.967041	-0.06744386595116894
38300	1265	0:01:33.600917	-0.06758392720845034
38450	1270	0:01:34.210511	-0.06476130480332822
38600	1275	0:01:34.824067	-0.06302742645107919
38750	1280	0:01:35.469035	-0.0668614250047702
38900	1285	0:01:36.090442	-0.0697491102268798
39050	1290	0:01:36.711437	-0.06885891713168288
39200	1295	0:01:37.328855	-0.06559512689165037
39350	1300	0:01:37.960321	-0.06824959881300995
39500	1305	0:01:39.446656	-0.07072540409226198
39650	1310	0:01:40.083364	-0.06626259330540052
39800	1315	0:01:40.696014	-0.06788600962577665
39950	1320	0:01:41.322981	-0.06516791599099205
40100	1325	0:01:41.959540	-0.06397853106468011
40250	1330	0:01:42.596692	-0.06154919474108356
40400	1335	0:01:43.232892	-0.06685513059299142
40550	1340	0:01:43.873034	-0.05575116837960163
40700	1345	0:01:44.559573	-0.06712244054621802
40850	1350	0:01:45.201750	-0.06531350742226114
41000	1355	0:01:45.902098	-0.06312144220787129
41150	1360	0:01:46.550630	-0.06387429294313894
41300	1365	0:01:47.216944	-0.06403037522558283
41450	1370	0:01:47.939574	-0.06514588865223479
41600	1375	0:01:48.631064	-0.0671590289939218
41750	1380	0:01:49.342132	-0.06606910939568221
41900	1385	0:01:50.133474	-0.07592891466755913
42050	1390	0:01:50.906181	-0.0696802072601488
42200	1395	0:01:51.755787	-0.07156465089750642
42350	1400	0:01:52.560445	-0.06995396896163375
42500	1405	0:01:54.545924	-0.06598903631504276
42650	1410	0:01:55.368817	-0.06696025166949914
42800	1415	0:01:56.193294	-0.0661771534618063
42950	1420	0:01:56.983574	-0.06408302188987737
43100	1425	0:01:57.815389	-0.061180747941570364
43250	1430	0:01:58.599520	-0.06092267378787324
43400	1435	0:01:59.393019	-0.057615388511493684
43550	1440	0:02:00.124612	-0.06285213812023999
43700	1445	0:02:00.838893	-0.06444808864336352
43850	1450	0:02:01.549191	-0.06522642422956583
44000	1455	0:02:02.257182	-0.060229006394690324
44150	1460	0:02:02.972596	-0.06699406695403085
44300	1465	0:02:03.707170	-0.06706015621883879
44450	1470	0:02:04.454608	-0.06546842394851594
44600	1475	0:02:05.189482	-0.061381361168004675
44750	1480	0:02:06.009112	-0.06305247877002015
44900	1485	0:02:06.765486	-0.06474650818615296
45050	1490	0:02:07.560583	-0.06416239222715911
45200	1495	0:02:08.293361	-0.06602841747825966
45350	1500	0:02:09.018944	-0.06280770982068558
45500	1505	0:02:10.717017	-0.06681843480379947
45650	1510	0:02:11.441246	-0.06481459076667435
45800	1515	0:02:12.183924	-0.0622815191776868
45950	1520	0:02:12.927321	-0.06689212455758885
46100	1525	0:02:13.674151	-0.06334011179748025
46250	1530	0:02:14.446787	-0.06367020652946619
46400	1535	0:02:15.247895	-0.059513347014078594
46550	1540	0:02:16.022396	-0.060133406359963365
46700	1545	0:02:16.799389	-0.0589402932405595
46850	1550	0:02:17.594764	-0.05921499526596641
47000	1555	0:02:18.373276	-0.062369373877192553
47150	1560	0:02:19.122642	-0.06346512716137971
47300	1565	0:02:19.932762	-0.062146139892283875
47450	1570	0:02:20.720626	-0.06619427379839185
47600	1575	0:02:21.505980	-0.06341586516902979
47750	1580	0:02:22.282507	-0.061216390878736926
47900	1585	0:02:23.029250	-0.06414816387456446
48050	1590	0:02:23.792842	-0.05994099319924628
48200	1595	0:02:24.563243	-0.0642553466487583
48350	1600	0:02:25.368540	-0.0580073740361926
48500	1605	0:02:27.263730	-0.06256354865349452
48650	1610	0:02:28.032498	-0.05732873519423201
48800	1615	0:02:28.810925	-0.06113899893284846
48950	1620	0:02:29.593992	-0.057554712509354705
49100	1625	0:02:30.418968	-0.06097443980100834
49250	1630	0:02:31.225699	-0.06484983754364561
49400	1635	0:02:32.022437	-0.06104959100045724
49550	1640	0:02:32.868594	-0.05831098503684613
49700	1645	0:02:33.685381	-0.06267776684065572
49850	1650	0:02:34.528462	-0.06039258071922636
50000	1655	0:02:35.334483	-0.057707107557809896
50150	1660	0:02:36.163097	-0.058575868619517545
50300	1665	0:02:36.997006	-0.058355111679542424
50450	1670	0:02:37.830546	-0.05516148101553848
50600	1675	0:02:38.636933	-0.05765398228699801
50750	1680	0:02:39.444072	-0.05926371002610148
50900	1685	0:02:40.261949	-0.05867197183547484
51050	1690	0:02:41.066983	-0.0599535700949519
51200	1695	0:02:41.858968	-0.06022508684669202
51350	1700	0:02:42.671961	-0.060341491716880004
51500	1705	0:02:44.555361	-0.05911674907251323
51650	1710	0:02:45.359489	-0.06373983509594607
51800	1715	0:02:46.187870	-0.05737093443681892
51950	1720	0:02:47.006348	-0.06164067429274068
52100	1725	0:02:47.805928	-0.056542893868604706
52250	1730	0:02:48.661049	-0.059175980573841415
52400	1735	0:02:49.473968	-0.06085788158862263
52550	1740	0:02:50.302268	-0.06157710422075226
52700	1745	0:02:51.135907	-0.057695162929283
52850	1750	0:02:51.975199	-0.06566665276732073
53000	1755	0:02:52.812094	-0.060454550167474363
53150	1760	0:02:53.636093	-0.06448317213133216
53300	1765	0:02:54.460885	-0.06317323902669199
53450	1770	0:02:55.304803	-0.06334519003859788
53600	1775	0:02:56.158024	-0.06211221023615268
53750	1780	0:02:57.009238	-0.0583885739287921
53900	1785	0:02:57.857452	-0.059829204086422616
54050	1790	0:02:58.718587	-0.056442582342438354
54200	1795	0:02:59.553468	-0.06230707618718811
54350	1800	0:03:00.412441	-0.06361892415548524
54500	1805	0:03:02.390115	-0.0610858053990052
54650	1810	0:03:03.258110	-0.06098587921545961
54800	1815	0:03:04.136687	-0.0636814123551973
54950	1820	0:03:04.996418	-0.05956916437226928
55100	1825	0:03:05.865060	-0.06511459646408481
55250	1830	0:03:06.763052	-0.06291026168279829
55400	1835	0:03:07.656029	-0.05755258521593778
55550	1840	0:03:08.522024	-0.059619020838034005
55700	1845	0:03:09.415574	-0.06080919245736075
55850	1850	0:03:10.342236	-0.06458702644146459
56000	1855	0:03:11.530230	-0.061690530646088475
56150	1860	0:03:12.443867	-0.0590546133557589
56300	1865	0:03:13.343805	-0.06187751891515391
56450	1870	0:03:14.267924	-0.061620297874050524
56600	1875	0:03:15.278485	-0.06033333936390002
56750	1880	0:03:16.243244	-0.06378145825675004
56900	1885	0:03:17.162102	-0.06066658784744092
57050	1890	0:03:18.087574	-0.06329148073654982
57200	1895	0:03:19.015844	-0.06208175753558178
57350	1900	0:03:19.912609	-0.06111849551722601
57500	1905	0:03:22.408270	-0.060950941669086975
57650	1910	0:03:23.342729	-0.05732747352547329
57800	1915	0:03:24.287304	-0.05860767449576087
57950	1920	0:03:25.256954	-0.060906283585075036
58100	1925	0:03:26.254344	-0.06449209060542015
58250	1930	0:03:27.177672	-0.060161520967447306
58400	1935	0:03:28.111803	-0.06165653096253562
58550	1940	0:03:29.039050	-0.056692500431667577
58700	1945	0:03:29.971168	-0.06380563133121654
58850	1950	0:03:30.881659	-0.057332447242404404
59000	1955	0:03:31.820551	-0.05929144745097035
59150	1960	0:03:32.784332	-0.05898500552989275
59300	1965	0:03:33.779725	-0.0596566838776382
59450	1970	0:03:34.948197	-0.0585767167848129
59600	1975	0:03:35.967018	-0.0587181520880691
59750	1980	0:03:36.925809	-0.05492816881176195
59900	1985	0:03:37.870346	-0.05521683870142397
60050	1990	0:03:38.875604	-0.053354114127732694
60200	1995	0:03:39.866225	-0.05682978915134799
60350	2000	0:03:40.837465	-0.05561722866163617
