size	self.epochs	time_taken	cost
250	0	0:00:01.744761	0
250	4	0:00:03.169285	3.751665206816888
325	8	0:00:03.431676	3.4428814808935035
400	12	0:00:03.456055	3.2040625948071915
475	16	0:00:03.480964	3.0491633016462045
550	20	0:00:03.510172	2.813379814244231
625	24	0:00:03.540369	2.837026343117326
700	28	0:00:03.574189	2.833046595744264
775	32	0:00:03.602573	2.5791346567391433
850	36	0:00:03.632558	2.489155417684058
925	40	0:00:03.663986	2.342260714275141
1000	44	0:00:03.695906	2.1650818934681206
1075	48	0:00:03.730471	2.149903611308313
1150	52	0:00:03.766515	2.0137531329626306
1225	56	0:00:03.803467	1.9163252666707637
1300	60	0:00:03.834047	1.8697741896661457
1375	64	0:00:03.868160	1.8391564470556439
1450	68	0:00:03.908184	1.7511615416559816
1525	72	0:00:03.969021	1.652674149983028
1600	76	0:00:04.006922	1.5822393667913168
1675	80	0:00:04.042458	1.5445381694150906
1750	84	0:00:04.076107	1.4408362090832605
1825	88	0:00:04.110972	1.4147115058229482
1900	92	0:00:04.146059	1.3469818551404296
1975	96	0:00:04.180597	1.2937736886254623
2050	100	0:00:04.216578	1.2585531559864487
2125	104	0:00:04.502540	1.203719024970121
2200	108	0:00:04.545344	1.1565711336994937
2275	112	0:00:04.584974	1.089768801357866
2350	116	0:00:04.628186	1.022725006765115
2425	120	0:00:04.668811	0.9681147471309229
2500	124	0:00:04.723240	0.9316887223234044
2575	128	0:00:04.765597	0.8882816886646708
2650	132	0:00:04.811084	0.8592763388576905
2725	136	0:00:04.856002	0.7842694393092045
2800	140	0:00:04.916203	0.7424029133215662
2875	144	0:00:04.965107	0.681329669450986
2950	148	0:00:05.010429	0.6236736404097927
3025	152	0:00:05.056208	0.592641192359943
3100	156	0:00:05.104835	0.5187540146859891
3175	160	0:00:05.152644	0.47987755249255093
3250	164	0:00:05.202306	0.4456993158937642
3325	168	0:00:05.282328	0.3984154848413546
3400	172	0:00:05.347849	0.37121419908568964
3475	176	0:00:05.410785	0.3274384740544236
3550	180	0:00:05.463921	0.29469553751523386
3625	184	0:00:05.520503	0.26911210422750764
3700	188	0:00:05.578707	0.23288203204791014
3775	192	0:00:05.637781	0.20905575542613114
3850	196	0:00:05.692978	0.170204454843887
3925	200	0:00:05.756532	0.14491878903131977
4000	204	0:00:06.126055	0.12530774842776435
4075	208	0:00:06.190243	0.125843306852999
4150	212	0:00:06.250771	0.14228214713171722
4225	216	0:00:06.322292	0.11954007051770578
4300	220	0:00:06.381941	0.10339886672888604
4375	224	0:00:06.442442	0.1034249898541893
4450	228	0:00:06.507586	0.0978021204814682
4525	232	0:00:06.572330	0.09092659044861316
4600	236	0:00:06.637291	0.07760212034497112
4675	240	0:00:06.700503	0.09989292780500755
4750	244	0:00:06.769510	0.07340458803110853
4825	248	0:00:06.857739	0.050185203266908895
4900	252	0:00:06.927613	0.04496010675489484
4975	256	0:00:06.998703	0.025629904439320977
5050	260	0:00:07.068668	0.032110319355737625
5125	264	0:00:07.136232	0.027703843264341697
5200	268	0:00:07.208461	0.007303318323933347
5275	272	0:00:07.283322	0.03533535545162394
5350	276	0:00:07.356328	0.015374869751208909
5425	280	0:00:07.432008	0.023100412125894275
5500	284	0:00:07.504947	0.010823723654092347
5575	288	0:00:07.580107	0.00558835125710817
5650	292	0:00:07.681034	0.0010769381148679196
5725	296	0:00:07.759873	-0.006066449286322161
5800	300	0:00:07.837951	0.00967690134986635
5875	304	0:00:08.247633	0.01287726533626031
5950	308	0:00:08.334565	0.01224246483103695
6025	312	0:00:08.426494	0.004045834326761446
6100	316	0:00:08.532117	0.018867701032414134
6175	320	0:00:08.638622	0.014945660271053401
6250	324	0:00:08.728670	-0.0018379659674199857
6325	328	0:00:08.822106	-0.004491171548489208
6400	332	0:00:08.914549	0.007135940416884084
6475	336	0:00:09.017925	-0.00769744663133016
6550	340	0:00:09.107192	-9.711462240077536e-05
6625	344	0:00:09.197992	0.0017904100171624476
6700	348	0:00:09.282056	-0.012992858062154373
6775	352	0:00:09.364175	-0.007980999324679218
6850	356	0:00:09.456916	-0.016982097386515998
6925	360	0:00:09.555501	-0.004102613735522892
7000	364	0:00:09.662272	-0.00023497611967488154
7075	368	0:00:09.754651	-0.00314138937430023
7150	372	0:00:09.854299	-0.00024194808155040764
7225	376	0:00:09.942389	0.006889108443073144
7300	380	0:00:10.039952	-0.002186078764628686
7375	384	0:00:10.181464	-0.004192677590063411
7450	388	0:00:10.290435	-0.0029268371352429478
7525	392	0:00:10.395702	-0.007680916476432848
7600	396	0:00:10.499628	-0.009123759068964902
7675	400	0:00:10.601007	-0.016739395446683264
7750	404	0:00:11.087594	-0.01864430222810233
7825	408	0:00:11.187145	-0.016418856202827178
7900	412	0:00:11.286953	-0.016115649473041616
7975	416	0:00:11.392513	-0.009663501652900836
8050	420	0:00:11.508886	-0.0034305837052292995
8125	424	0:00:11.611282	0.0009812462584179523
8200	428	0:00:11.711328	-0.009095130145936704
8275	432	0:00:11.818551	-0.003749712562317494
8350	436	0:00:11.925192	-0.007171510968541484
8425	440	0:00:12.036379	-0.0088073763866668
8500	444	0:00:12.146291	-0.013227318361316225
8575	448	0:00:12.252517	-0.012453243255876953
8650	452	0:00:12.361817	0.003688785787644979
8725	456	0:00:12.468752	-0.020538013786295745
8800	460	0:00:12.594281	0.005862024285534237
8875	464	0:00:12.768415	0.0013614406264030818
8950	468	0:00:12.881379	-0.005203452796273848
9025	472	0:00:12.988885	0.0036835252589283124
9100	476	0:00:13.098116	-0.006298545905867585
9175	480	0:00:13.207516	-0.0009041611283776824
9250	484	0:00:13.318772	-0.0076207074407932006
9325	488	0:00:13.428741	0.009253128842820563
9400	492	0:00:13.550429	0.012030275722471622
9475	496	0:00:13.666722	0.014650355334793762
9550	500	0:00:13.782840	0.009499820802333837
9625	504	0:00:14.294946	0.019948021020634827
9700	508	0:00:14.428405	0.009450210719461609
9775	512	0:00:14.542234	0.011179578550104747
9850	516	0:00:14.667626	-0.005264610357715376
9925	520	0:00:14.785622	-0.011308512536966093
10000	524	0:00:14.906752	-0.0005214485053975344
10075	528	0:00:15.025456	0.004870320763877629
10150	532	0:00:15.148699	0.003992827759371303
10225	536	0:00:15.271157	0.0076830359300688695
10300	540	0:00:15.391711	-0.0006950293761045367
10375	544	0:00:15.515853	0.0020506268879983735
10450	548	0:00:15.641347	0.001517571752091218
10525	552	0:00:15.764832	0.000962640937055663
10600	556	0:00:15.890217	0.01440002177087421
10675	560	0:00:16.033106	0.015548228380311446
10750	564	0:00:16.164607	0.007012631634214399
10825	568	0:00:16.301840	0.00901096882992696
10900	572	0:00:16.426940	0.015584183483636509
10975	576	0:00:16.559661	0.010073459728774286
11050	580	0:00:16.691062	0.01205912495085494
11125	584	0:00:16.856448	0.011612093939400821
11200	588	0:00:16.998641	0.014308675178672197
11275	592	0:00:17.130792	0.021613452487962762
11350	596	0:00:17.261459	0.01374574075529058
11425	600	0:00:17.396332	0.010892222447105675
11500	604	0:00:17.943040	0.008573061766414146
11575	608	0:00:18.089689	0.00942522796112925
11650	612	0:00:18.223304	0.006143190671258658
11725	616	0:00:18.380103	0.022699239834841078
11800	620	0:00:18.521795	0.011466125796617337
11875	624	0:00:18.657745	0.01723121432861363
11950	628	0:00:18.798559	0.02086207995069243
12025	632	0:00:18.944921	0.02072092328305653
12100	636	0:00:19.090953	0.01609832869520242
12175	640	0:00:19.233663	0.014350545250668898
12250	644	0:00:19.374641	0.020464754244025093
12325	648	0:00:19.526050	0.00415497412470646
12400	652	0:00:19.672351	0.01581843894146725
12475	656	0:00:19.814866	0.00767319447718347
12550	660	0:00:19.961363	0.010959780841242366
12625	664	0:00:20.109497	0.019221411034661715
12700	668	0:00:20.279364	0.009981400136171499
12775	672	0:00:20.440128	0.029965555375382334
12850	676	0:00:20.590172	0.02354615473188622
12925	680	0:00:20.738197	0.02816996156020942
13000	684	0:00:20.886184	0.013915026712789477
13075	688	0:00:21.058762	0.015675335822573272
13150	692	0:00:21.212779	0.006544556328800312
13225	696	0:00:21.375104	0.0007231942877853946
13300	700	0:00:21.531369	0.017214119712795274
13375	704	0:00:22.131953	0.015282417401094867
13450	708	0:00:22.287691	0.02124820937437416
13525	712	0:00:22.474159	0.022501319887531235
13600	716	0:00:22.644079	0.021075503202001727
13675	720	0:00:22.810718	0.014394818596419622
13750	724	0:00:22.980875	0.014799793665948078
13825	728	0:00:23.145286	0.013545480085459104
13900	732	0:00:23.305722	0.01060623519840698
13975	736	0:00:23.471677	0.01094567929956778
14050	740	0:00:23.640555	0.010630773984102082
14125	744	0:00:23.814240	0.015362863034967714
14200	748	0:00:23.995581	0.008229789738308806
14275	752	0:00:24.159095	0.010823604064587225
14350	756	0:00:24.327985	0.01103138249270129
14425	760	0:00:24.489733	0.01807146555202355
14500	764	0:00:24.656852	0.010176179044024458
14575	768	0:00:24.837699	0.005802177218146084
14650	772	0:00:25.012892	0.023240535100400767
14725	776	0:00:25.192500	0.017713124803636113
14800	780	0:00:25.371576	0.017684693101599445
14875	784	0:00:25.542945	0.014430864145630239
14950	788	0:00:25.719093	0.004303670646150908
15025	792	0:00:25.898788	0.018347992165345516
15100	796	0:00:26.092112	0.003405759402636188
15175	800	0:00:26.275879	0.0035582265060717755
15250	804	0:00:26.934759	-0.004298311194016819
15325	808	0:00:27.115040	-0.0004938218595778363
15400	812	0:00:27.303477	-0.010829872538767467
15475	816	0:00:27.489292	-0.009508443777282532
15550	820	0:00:27.683133	0.0007225197669951493
15625	824	0:00:27.862718	-0.001457953337450878
15700	828	0:00:28.050940	-0.008527943554899083
15775	832	0:00:28.230530	-0.01277921856931097
15850	836	0:00:28.421842	-0.013253342881838489
15925	840	0:00:28.612372	-0.010144508256112598
16000	844	0:00:28.801608	-0.009149608093767745
16075	848	0:00:28.991745	-0.008452091028550804
16150	852	0:00:29.175595	-0.010530085141700991
16225	856	0:00:29.381543	-0.013841377491335613
16300	860	0:00:29.569055	-0.018701771957200856
16375	864	0:00:29.803348	-0.027681240969078112
16450	868	0:00:30.040114	-0.02399416449878306
16525	872	0:00:30.261108	-0.01812474676702697
16600	876	0:00:30.470377	-0.02627791553713381
16675	880	0:00:30.672619	-0.022039322256572486
16750	884	0:00:30.883711	-0.02649501739394423
16825	888	0:00:31.082375	-0.0263026824572947
16900	892	0:00:31.289252	-0.02287529479983642
16975	896	0:00:31.501153	-0.026576161044000242
17050	900	0:00:31.701217	-0.028712443219496366
17125	904	0:00:32.394293	-0.024273174177797174
17200	908	0:00:32.624536	-0.025791217792792087
17275	912	0:00:32.837086	-0.026892233256732002
17350	916	0:00:33.038746	-0.03362095405689861
17425	920	0:00:33.255301	-0.028892628251408023
17500	924	0:00:33.466705	-0.03132528360226261
17575	928	0:00:33.678778	-0.03164354093974884
17650	932	0:00:33.912724	-0.030358549072807835
17725	936	0:00:34.119828	-0.03711249591054712
17800	940	0:00:34.329707	-0.03185256620305811
17875	944	0:00:34.542727	-0.027289644486335668
17950	948	0:00:34.763294	-0.028107638951138304
18025	952	0:00:34.989766	-0.02429154162252685
18100	956	0:00:35.213799	-0.028166851855150436
18175	960	0:00:35.424748	-0.027536611142896433
18250	964	0:00:35.658309	-0.020285072898458708
18325	968	0:00:35.886346	-0.02307525190337416
18400	972	0:00:36.107010	-0.029615631516307406
18475	976	0:00:36.330748	-0.028648730023151027
18550	980	0:00:36.554950	-0.03140156960634574
18625	984	0:00:36.779008	-0.025194869572698737
18700	988	0:00:37.034314	-0.030684708790461788
18775	992	0:00:37.248833	-0.03103070839308754
18850	996	0:00:37.490941	-0.02443207917457041
18925	1000	0:00:37.717039	-0.024519608820832088
19000	1004	0:00:38.493657	-0.02728739409505926
19075	1008	0:00:38.731997	-0.030130072936961686
19150	1012	0:00:38.973580	-0.022065374436566847
19225	1016	0:00:39.202389	-0.018050282542791923
19300	1020	0:00:39.435876	-0.025235017345763618
19375	1024	0:00:39.666074	-0.027675916545844472
19450	1028	0:00:39.906255	-0.026845869320960686
19525	1032	0:00:40.136863	-0.02677745499610413
19600	1036	0:00:40.372305	-0.022739995949730696
19675	1040	0:00:40.606172	-0.02283771929538098
19750	1044	0:00:40.839329	-0.01762244304948793
19825	1048	0:00:41.075640	-0.025283877590862824
19900	1052	0:00:41.316374	-0.0195466179385813
19975	1056	0:00:41.559703	-0.015685053699151793
20050	1060	0:00:41.810877	-0.020867507403687327
20125	1064	0:00:42.065264	-0.01968981517511738
20200	1068	0:00:42.324095	-0.0262434418373108
20275	1072	0:00:42.576936	-0.02847166257595827
20350	1076	0:00:42.892501	-0.028010553062612888
20425	1080	0:00:43.323646	-0.029482425559507697
20500	1084	0:00:43.671523	-0.03210487346317064
20575	1088	0:00:43.935487	-0.030399451171316483
20650	1092	0:00:44.187031	-0.02745190367771149
20725	1096	0:00:44.536239	-0.02546690203135429
20800	1100	0:00:44.819904	-0.019635270735701853
20875	1104	0:00:45.833661	-0.020920715386512717
20950	1108	0:00:46.098283	-0.01880632499942816
21025	1112	0:00:46.398693	-0.019829291054525244
21100	1116	0:00:46.695604	-0.022239710780160238
21175	1120	0:00:46.982558	-0.02059912589063254
21250	1124	0:00:47.239314	-0.019504144124881915
21325	1128	0:00:47.525417	-0.023554628953233563
21400	1132	0:00:47.852668	-0.023764249536417294
21475	1136	0:00:48.147468	-0.02124362922504921
21550	1140	0:00:48.417040	-0.021163594878571525
21625	1144	0:00:48.705451	-0.023595032892197016
21700	1148	0:00:48.993400	-0.02426762994880062
21775	1152	0:00:49.258661	-0.022773140404961978
21850	1156	0:00:49.526567	-0.02461204534743563
21925	1160	0:00:49.904440	-0.019095880854114674
22000	1164	0:00:50.193595	-0.018614879031081177
22075	1168	0:00:50.478782	-0.020103410997008932
22150	1172	0:00:50.784971	-0.01351832347700349
22225	1176	0:00:51.059338	-0.014586537653241463
22300	1180	0:00:51.346778	-0.022931296253624563
22375	1184	0:00:51.616564	-0.021587994478951617
22450	1188	0:00:51.889211	-0.017036976127389688
22525	1192	0:00:52.151485	-0.026915027992964836
22600	1196	0:00:52.416335	-0.02768059767823237
22675	1200	0:00:52.685088	-0.02124042424056739
22750	1204	0:00:53.553296	-0.024000497677880563
22825	1208	0:00:53.841445	-0.022220765319966883
22900	1212	0:00:54.122959	-0.018280963566181765
22975	1216	0:00:54.410628	-0.016268867283117435
23050	1220	0:00:54.696608	-0.014477904390580337
23125	1224	0:00:54.978663	-0.019494437460119834
23200	1228	0:00:55.256576	-0.01720483838982244
23275	1232	0:00:55.528935	-0.020223637176891674
23350	1236	0:00:55.796256	-0.022735594853794203
23425	1240	0:00:56.063951	-0.03075466958814617
23500	1244	0:00:56.343013	-0.026962274653880527
23575	1248	0:00:56.622967	-0.028608172728031015
23650	1252	0:00:56.900731	-0.024628543792391714
23725	1256	0:00:57.188352	-0.02838169862473239
23800	1260	0:00:57.469566	-0.023677016906965633
23875	1264	0:00:57.758531	-0.024886417271834434
23950	1268	0:00:58.046860	-0.01969180405269332
24025	1272	0:00:58.327116	-0.03017880929574052
24100	1276	0:00:58.609558	-0.024335227359020852
24175	1280	0:00:58.901914	-0.018377051989572186
24250	1284	0:00:59.185599	-0.019634070091430842
24325	1288	0:00:59.469974	-0.016739987829763128
24400	1292	0:00:59.764305	-0.021098726294018957
24475	1296	0:01:00.061016	-0.014723645616983331
24550	1300	0:01:00.354851	-0.01617953382695396
24625	1304	0:01:01.291178	-0.01643218270663601
24700	1308	0:01:01.609299	-0.01914128936020798
24775	1312	0:01:01.918416	-0.022478541095932742
24850	1316	0:01:02.221262	-0.022644656716777664
24925	1320	0:01:02.536745	-0.009769570236393216
25000	1324	0:01:02.900252	-0.015136576736514385
25075	1328	0:01:03.361319	-0.014420687669264758
25150	1332	0:01:03.706232	-0.013033319366324505
25225	1336	0:01:04.013605	-0.014989598735150919
25300	1340	0:01:04.382983	-0.017590528178800593
25375	1344	0:01:04.935381	-0.01510123532234662
25450	1348	0:01:05.555210	-0.014151906091928807
25525	1352	0:01:05.969034	-0.014378778833595375
25600	1356	0:01:06.465200	-0.012606131404548814
25675	1360	0:01:06.889916	-0.012278675073308307
25750	1364	0:01:07.217836	-0.014266007966573216
25825	1368	0:01:07.533303	-0.01266766316427808
25900	1372	0:01:07.860841	-0.007353598731448946
25975	1376	0:01:08.180663	-0.009637203855226421
26050	1380	0:01:08.501754	-0.010627614292589458
26125	1384	0:01:08.813513	-0.01087116406467605
26200	1388	0:01:09.125585	-0.010976032014597674
26275	1392	0:01:09.433622	-0.014470912696768779
26350	1396	0:01:09.758565	-0.011357992062538236
26425	1400	0:01:10.074280	-0.015985973454138446
26500	1404	0:01:11.153677	-0.014186925638390958
26575	1408	0:01:11.472704	-0.016237653481160134
26650	1412	0:01:11.837264	-0.015130149085814766
26725	1416	0:01:12.253406	-0.0124753163979525
26800	1420	0:01:12.609866	-0.01416200128248952
26875	1424	0:01:12.935072	-0.014259818977980001
26950	1428	0:01:13.254115	-0.009001655153441859
27025	1432	0:01:13.624120	-0.013672943808274128
27100	1436	0:01:13.952395	-0.01358257377293735
27175	1440	0:01:14.271855	-0.008155482506585187
27250	1444	0:01:14.598363	-0.005776913085291169
27325	1448	0:01:14.919888	-0.006033838174306756
27400	1452	0:01:15.271172	-0.00798555053088739
27475	1456	0:01:15.639941	-0.008525869148228598
27550	1460	0:01:15.966342	-0.00869447620429182
27625	1464	0:01:16.300205	-0.00804399313354148
27700	1468	0:01:16.637049	-0.009297800732505582
27775	1472	0:01:16.986293	-0.013998071331630065
27850	1476	0:01:17.317107	-0.010290290711440813
27925	1480	0:01:17.657406	-0.01725437732012888
28000	1484	0:01:18.005151	-0.02021719993549572
28075	1488	0:01:18.358666	-0.019266877532287705
28150	1492	0:01:18.726642	-0.019152949545108856
28225	1496	0:01:19.080342	-0.021093158924550128
28300	1500	0:01:19.432538	-0.024579615204946174
28375	1504	0:01:20.483893	-0.018823998049495024
28450	1508	0:01:20.836846	-0.0157104824652438
28525	1512	0:01:21.187668	-0.017007242284160364
28600	1516	0:01:21.551178	-0.01810241484679104
28675	1520	0:01:21.912496	-0.01756490549811818
28750	1524	0:01:22.257002	-0.016082619659896238
28825	1528	0:01:22.604824	-0.0133046995804416
28900	1532	0:01:22.952150	-0.013072000772634977
28975	1536	0:01:23.292077	-0.012741088999321713
29050	1540	0:01:23.638567	-0.013484743270429301
29125	1544	0:01:23.980770	-0.015937644185598877
29200	1548	0:01:24.327505	-0.007976260781208565
29275	1552	0:01:24.672733	-0.004207458312042805
29350	1556	0:01:25.032538	-0.00910398887467311
29425	1560	0:01:25.389200	-0.010750712249374822
29500	1564	0:01:25.742118	-0.012096324647365654
29575	1568	0:01:26.100367	-0.017010407356356276
29650	1572	0:01:26.474652	-0.01794033977726692
29725	1576	0:01:26.831221	-0.020249229195885704
29800	1580	0:01:27.187075	-0.014365401776978697
29875	1584	0:01:27.544450	-0.012462224091971971
29950	1588	0:01:27.896066	-0.015471540858865138
30025	1592	0:01:28.246874	-0.014379070997107692
30100	1596	0:01:28.624352	-0.018332429023829984
30175	1600	0:01:28.997520	-0.015777332296139614
30250	1604	0:01:30.092440	-0.01612920469986256
30325	1608	0:01:30.446642	-0.011242330281113948
30400	1612	0:01:30.823229	-0.014714651320443415
30475	1616	0:01:31.199798	-0.013356164242161924
30550	1620	0:01:31.569629	-0.017028206972668682
30625	1624	0:01:31.951852	-0.023391095214137497
30700	1628	0:01:32.332328	-0.01729454464468119
30775	1632	0:01:32.695846	-0.019166344032799553
30850	1636	0:01:33.051460	-0.013888810766144719
30925	1640	0:01:33.408269	-0.012456149341347247
31000	1644	0:01:33.764360	-0.015740456675397342
31075	1648	0:01:34.130002	-0.007426631373421481
31150	1652	0:01:34.501517	-0.016520956995722782
31225	1656	0:01:34.863290	-0.01142973048065353
31300	1660	0:01:35.224429	-0.0133679441062105
31375	1664	0:01:35.588794	-0.015525608163851498
31450	1668	0:01:35.969910	-0.011719568418262391
31525	1672	0:01:36.328341	-0.015420602920776494
31600	1676	0:01:36.699143	-0.02237534178091843
31675	1680	0:01:37.062058	-0.012121498611197996
31750	1684	0:01:37.439621	-0.009551307468423118
31825	1688	0:01:37.820880	-0.01091938726785009
31900	1692	0:01:38.190629	-0.009542603538178923
31975	1696	0:01:38.558476	-0.009136068118737333
32050	1700	0:01:38.922998	-0.009470587446671057
32125	1704	0:01:40.082367	-0.00885803381612629
32200	1708	0:01:40.460349	-0.014394174627948808
32275	1712	0:01:40.847659	-0.00936000634679698
32350	1716	0:01:41.236633	-0.012312601128260232
32425	1720	0:01:41.623205	-0.015379882948840531
32500	1724	0:01:42.014867	-0.012134622056249695
32575	1728	0:01:42.393499	-0.010853265674808597
32650	1732	0:01:42.802172	-0.01597773475169494
32725	1736	0:01:43.221412	-0.014615120341253665
32800	1740	0:01:43.640128	-0.011866019320143268
32875	1744	0:01:44.037526	-0.011866410037268996
32950	1748	0:01:44.456213	-0.013204991805442242
33025	1752	0:01:44.838591	-0.015705281197873382
33100	1756	0:01:45.239064	-0.01218703870070764
33175	1760	0:01:45.630107	-0.020042320260978335
33250	1764	0:01:46.021101	-0.014608777210695194
33325	1768	0:01:46.414095	-0.0055918184633768145
33400	1772	0:01:46.805047	-0.011186829254865327
33475	1776	0:01:47.192276	-0.01166169100913073
33550	1780	0:01:47.590330	-0.014321759226663686
33625	1784	0:01:47.988708	-0.00986280817387475
33700	1788	0:01:48.388541	-0.01202548280248132
33775	1792	0:01:48.787612	-0.006808433036867378
33850	1796	0:01:49.185988	-0.008559432986639222
33925	1800	0:01:49.608912	-0.008049262592122379
34000	1804	0:01:50.813655	-0.007486694075277708
34075	1808	0:01:51.218289	-0.00979063156192563
34150	1812	0:01:51.624923	-0.010041466921399232
34225	1816	0:01:52.043068	-0.008355852244934237
34300	1820	0:01:52.441932	-0.001195021744991053
34375	1824	0:01:52.840175	-0.005513287192674326
34450	1828	0:01:53.253587	-0.0004009564741082225
34525	1832	0:01:53.671505	-0.0035684832535663423
34600	1836	0:01:54.076961	-0.007545429265477609
34675	1840	0:01:54.491371	-0.00542945237383446
34750	1844	0:01:54.909135	-0.005609489684525176
34825	1848	0:01:55.317863	-0.004970981545164824
34900	1852	0:01:55.733125	-7.282971358285183e-05
34975	1856	0:01:56.158687	-0.0009073210509565294
35050	1860	0:01:56.572125	-0.00683736817974152
35125	1864	0:01:57.010441	-0.003891692256780266
35200	1868	0:01:57.420976	-0.008599156331360137
35275	1872	0:01:57.833301	-0.00793867341746653
35350	1876	0:01:58.254469	-0.008742840616033842
35425	1880	0:01:58.669776	-0.007846232021805434
35500	1884	0:01:59.082032	-0.009217375908409231
35575	1888	0:01:59.503182	-0.00879590244739013
35650	1892	0:01:59.913498	-0.007500603742384483
35725	1896	0:02:00.337371	-0.015208788045957869
35800	1900	0:02:00.751738	-0.009911499496510084
35875	1904	0:02:02.012681	-0.010722985050751041
35950	1908	0:02:02.434271	-0.009894064913363464
36025	1912	0:02:02.869896	-0.009020830133681641
36100	1916	0:02:03.298168	-0.003073165644287846
36175	1920	0:02:03.735075	-0.0052112781521653825
36250	1924	0:02:04.170035	-0.002338446865344463
36325	1928	0:02:04.588743	-0.004823137697923125
36400	1932	0:02:05.061494	-0.007519707779873282
36475	1936	0:02:05.523286	-0.006619984353592734
36550	1940	0:02:05.992436	-0.002673791971189913
36625	1944	0:02:06.449029	-0.0006475800932021071
36700	1948	0:02:06.911335	-0.006909879970016417
36775	1952	0:02:07.369709	-0.003884434251429855
36850	1956	0:02:07.821524	-0.004548607272516909
36925	1960	0:02:08.266199	-0.005990847297205991
37000	1964	0:02:08.710411	-0.00767130147177915
37075	1968	0:02:09.186344	-0.006579474852636535
37150	1972	0:02:09.641182	-0.009667356723572823
37225	1976	0:02:10.091477	-0.007616904681483424
37300	1980	0:02:10.567856	-0.008165856947304964
37375	1984	0:02:11.026494	-0.00978986194299493
37450	1988	0:02:11.477833	-0.0037136031667765503
37525	1992	0:02:11.937772	-0.008111830485839638
37600	1996	0:02:12.389779	-0.009056933291907087
37675	2000	0:02:12.851159	-0.009963658993044569
37750	2004	0:02:14.169684	-0.005956140638424377
37825	2008	0:02:14.634793	-0.00995373244042264
37900	2012	0:02:15.107207	-0.00622067641418462
37975	2016	0:02:15.566745	0.003202119590134267
38050	2020	0:02:16.031387	-0.002076649726644413
38125	2024	0:02:16.485711	-0.0073649933245262715
38200	2028	0:02:16.942322	-0.0031477986002470346
38275	2032	0:02:17.393546	-0.007654852910608489
38350	2036	0:02:17.841732	-0.007972957695920222
38425	2040	0:02:18.300475	-0.008265870487543455
38500	2044	0:02:18.761819	-0.008180165944099763
38575	2048	0:02:19.216455	-0.01027414881199832
38650	2052	0:02:19.667401	-0.011162671483691834
38725	2056	0:02:20.121185	-0.010864843494823109
38800	2060	0:02:20.578067	-0.0064159372558604206
38875	2064	0:02:21.041993	-0.0053631851722845125
38950	2068	0:02:21.520485	-0.008524562231463646
39025	2072	0:02:21.980874	-0.00749006734227086
39100	2076	0:02:22.445476	-0.006438841322544462
39175	2080	0:02:22.920650	-0.009844192442915501
39250	2084	0:02:23.388294	-0.007476162953925984
39325	2088	0:02:23.862355	-0.00794022111008906
39400	2092	0:02:24.322177	-0.004302753861468606
39475	2096	0:02:24.784605	-0.006638755987305608
39550	2100	0:02:25.253360	-0.0038835940384499557
39625	2104	0:02:26.608581	-0.007682818751321392
39700	2108	0:02:27.099732	-0.007015564986000872
39775	2112	0:02:27.577857	-0.005419294629710884
39850	2116	0:02:28.054624	-0.0015565921229952861
39925	2120	0:02:28.530056	-0.004562339588032078
40000	2124	0:02:29.013292	-0.0029934702569725056
40075	2128	0:02:29.489351	-0.010610881120123
40150	2132	0:02:29.998389	-0.008999972525741796
40225	2136	0:02:30.467745	-0.0075346863928698665
40300	2140	0:02:30.945974	-0.006972318583527344
40375	2144	0:02:31.419718	-0.00579826311898398
40450	2148	0:02:31.907897	-0.004853574008941396
40525	2152	0:02:32.394561	-0.006657306523736921
40600	2156	0:02:32.879326	-0.006324327970098437
40675	2160	0:02:33.372402	-0.008419303353749723
40750	2164	0:02:33.846951	-0.007274154879156939
40825	2168	0:02:34.344208	-0.005420133367876308
40900	2172	0:02:34.857740	-0.0043033138103968915
40975	2176	0:02:35.352106	-0.006996356203067688
41050	2180	0:02:35.847476	-0.003361043139456252
41125	2184	0:02:36.333957	-0.00402651069344849
41200	2188	0:02:36.821124	-0.004469653630042047
41275	2192	0:02:37.322067	-0.0031953365348930196
41350	2196	0:02:37.826106	-0.005775069590763155
41425	2200	0:02:38.321511	-0.008591690362335078
41500	2204	0:02:39.742605	-0.004986768622649776
41575	2208	0:02:40.249106	-0.007741154327549087
41650	2212	0:02:40.750867	-0.005888313375916718
41725	2216	0:02:41.276214	-0.004456563087441559
41800	2220	0:02:41.764899	-0.0023945107867014673
41875	2224	0:02:42.262600	-0.003440732378008219
41950	2228	0:02:42.773241	-0.004479577872999385
42025	2232	0:02:43.280522	-0.006158840309103722
42100	2236	0:02:43.779909	-0.00340861041773134
42175	2240	0:02:44.288438	-0.0020701842818291556
42250	2244	0:02:44.810050	-0.006664483099003553
42325	2248	0:02:45.302591	-0.003191132362275499
42400	2252	0:02:45.819536	-0.002434986311099821
42475	2256	0:02:46.335571	0.0021898104759085443
42550	2260	0:02:46.861291	-0.0009825734784167045
42625	2264	0:02:47.358424	0.0008716647698290372
42700	2268	0:02:47.874948	-0.0028057597938707986
42775	2272	0:02:48.438488	0.0025929029883691238
42850	2276	0:02:48.959551	-0.002407052993587134
42925	2280	0:02:49.486999	-0.0017058473105283536
