size	self.epochs	time_taken	cost
70000	0	0:00:27.631953	0
70000	4	0:00:29.511386	2.71930909627191
70000	8	0:00:30.126405	2.4228553124550136
70000	12	0:00:30.757492	2.158605293773291
70000	16	0:00:31.379771	1.9514578788431682
70000	20	0:00:31.997016	1.786899308167833
70000	24	0:00:32.611880	1.6644823276313243
70000	28	0:00:33.226291	1.5527857013672361
70000	32	0:00:33.841979	1.4696719994475098
70000	36	0:00:34.459043	1.3981119329416287
70000	40	0:00:35.078600	1.336654656243552
70000	44	0:00:35.692528	1.284354649105751
70000	48	0:00:36.304724	1.231430131364003
70000	52	0:00:36.917437	1.1745121005898238
70000	56	0:00:37.534880	1.1303089844664471
70000	60	0:00:38.153619	1.0896000025104855
70000	64	0:00:38.770197	1.0419122512826313
70000	68	0:00:39.383489	0.9960975394804922
70000	72	0:00:39.998113	0.9616629327117564
70000	76	0:00:40.612519	0.9102796622531618
70000	80	0:00:41.227320	0.8718443610057893
70000	84	0:00:41.841708	0.8279030120028922
70000	88	0:00:42.454964	0.7888002417744573
70000	92	0:00:43.067288	0.747508224984539
70000	96	0:00:43.681141	0.7058133439627392
70000	100	0:00:44.297917	0.6687881320853266
70000	104	0:00:46.303189	0.6283822452686851
70000	108	0:00:46.963613	0.5878017146150694
70000	112	0:00:47.578235	0.5491557327987078
70000	116	0:00:48.191306	0.5114844004917509
70000	120	0:00:48.808984	0.4733820684346209
70000	124	0:00:49.420742	0.43426841920044407
70000	128	0:00:50.033015	0.40286552913805
70000	132	0:00:50.643985	0.364265418911971
70000	136	0:00:51.260674	0.3305656879149921
70000	140	0:00:51.875461	0.294696569400672
70000	144	0:00:52.531038	0.263979020302343
70000	148	0:00:53.150374	0.23487728171328717
70000	152	0:00:53.757367	0.20411652244377143
70000	156	0:00:54.366181	0.1772555839345172
70000	160	0:00:54.978263	0.14828784114607169
70000	164	0:00:55.587595	0.12600320858431674
70000	168	0:00:56.197059	0.09997720553058892
70000	172	0:00:56.812727	0.07867841321560697
70000	176	0:00:57.423718	0.05795579987074243
70000	180	0:00:58.033331	0.040323242771307166
70000	184	0:00:58.638604	0.023406544990098938
70000	188	0:00:59.244734	0.007232169281996493
70000	192	0:00:59.855106	-0.004062172639002436
70000	196	0:01:00.466880	-0.016322368943207252
70000	200	0:01:01.076289	-0.027343996894735687
70000	204	0:01:03.056389	-0.0325347164798098
70000	208	0:01:03.696657	-0.03153111543707882
70000	212	0:01:04.304187	-0.030731278306228082
70000	216	0:01:04.909261	-0.034718764940909363
70000	220	0:01:05.522028	-0.034580597050094884
70000	224	0:01:06.128105	-0.03480521263626509
70000	228	0:01:06.734558	-0.035068567496122006
70000	232	0:01:07.343495	-0.038369987680087515
70000	236	0:01:07.953533	-0.03645776309826664
70000	240	0:01:08.558232	-0.035495486692134315
70000	244	0:01:09.170144	-0.03549721539432053
70000	248	0:01:09.780490	-0.037618775041602964
70000	252	0:01:10.387203	-0.03775471313814065
70000	256	0:01:10.994051	-0.0384011196219314
70000	260	0:01:11.598677	-0.040053451455631425
70000	264	0:01:12.211824	-0.039316134871807795
70000	268	0:01:12.822660	-0.040856457040186596
70000	272	0:01:13.428547	-0.03997276267235164
70000	276	0:01:14.036220	-0.04219392310574658
70000	280	0:01:14.640776	-0.04011097497928439
70000	284	0:01:15.247078	-0.04399444247197575
70000	288	0:01:15.853958	-0.04276226497872605
70000	292	0:01:16.461414	-0.04441281681531539
70000	296	0:01:17.070418	-0.04178479710300392
70000	300	0:01:17.682482	-0.042732107827236895
70000	304	0:01:19.633431	-0.04236357854250121
70000	308	0:01:20.281435	-0.03942279731014245
70000	312	0:01:20.890439	-0.042433821452923404
70000	316	0:01:21.497417	-0.043702780239127374
70000	320	0:01:22.101446	-0.04244565160864561
70000	324	0:01:22.707327	-0.04139970662179012
70000	328	0:01:23.317255	-0.04031615176898105
70000	332	0:01:23.925110	-0.04468039875947766
70000	336	0:01:24.527802	-0.0417701353478577
70000	340	0:01:25.138334	-0.04521707527549761
70000	344	0:01:25.740679	-0.04413782006518388
70000	348	0:01:26.351658	-0.043686170970169004
70000	352	0:01:26.959674	-0.043901347224773
70000	356	0:01:27.562109	-0.04376609737984074
70000	360	0:01:28.169733	-0.04483595602020048
70000	364	0:01:28.773541	-0.04481976023922224
70000	368	0:01:29.393518	-0.04629017658406754
70000	372	0:01:30.005043	-0.046335405755349994
70000	376	0:01:30.619385	-0.04513429369914542
70000	380	0:01:31.239190	-0.04516983741572044
70000	384	0:01:31.849520	-0.04471792828195042
70000	388	0:01:32.467538	-0.04730130582420921
70000	392	0:01:33.074146	-0.045163345611464976
70000	396	0:01:33.676626	-0.04361231753374356
70000	400	0:01:34.281202	-0.043763367310710746
70000	404	0:01:36.234485	-0.04496032738018013
70000	408	0:01:36.867549	-0.04406018101279025
70000	412	0:01:37.474842	-0.0442056764777484
70000	416	0:01:38.087045	-0.04577200867855036
70000	420	0:01:38.692297	-0.04624501097535222
70000	424	0:01:39.298250	-0.043951869671455104
70000	428	0:01:39.927846	-0.04478623188228513
70000	432	0:01:40.597118	-0.04622057593432017
70000	436	0:01:41.205314	-0.04418441127519232
70000	440	0:01:41.812691	-0.044839475484407566
70000	444	0:01:42.419654	-0.0444861821442787
70000	448	0:01:43.021280	-0.0449495885272349
70000	452	0:01:43.652908	-0.045160758253335084
70000	456	0:01:44.260563	-0.04424104154451158
70000	460	0:01:44.870168	-0.046462683147256975
70000	464	0:01:45.478339	-0.04433154366832805
70000	468	0:01:46.086500	-0.045962847863599124
70000	472	0:01:46.690410	-0.04449606595773246
70000	476	0:01:47.327540	-0.043478977666297214
70000	480	0:01:47.931218	-0.044330800369486695
70000	484	0:01:48.536835	-0.047247105143422945
70000	488	0:01:49.140346	-0.04606833405371038
70000	492	0:01:49.746291	-0.04334747819837211
70000	496	0:01:50.356191	-0.04316810506418414
70000	500	0:01:50.986157	-0.045939403031249895
70000	504	0:01:52.926613	-0.045777110134227576
70000	508	0:01:53.574311	-0.043358187609163705
70000	512	0:01:54.179807	-0.04648417678310233
70000	516	0:01:54.782687	-0.04628770940851885
70000	520	0:01:55.391965	-0.043369230944870614
70000	524	0:01:56.001315	-0.04482831500826839
70000	528	0:01:56.607643	-0.04403515015651533
70000	532	0:01:57.218443	-0.04513481882627599
70000	536	0:01:57.823481	-0.04668668460426525
70000	540	0:01:58.432693	-0.04541579980023726
70000	544	0:01:59.040796	-0.04433661178372387
70000	548	0:01:59.648602	-0.044829296398277686
70000	552	0:02:00.254949	-0.04623009381782124
70000	556	0:02:00.855213	-0.04221626213532202
70000	560	0:02:01.460930	-0.04387283923673633
70000	564	0:02:02.067436	-0.046460296586300694
70000	568	0:02:02.675260	-0.04623760466077893
70000	572	0:02:03.281106	-0.04456523536179231
70000	576	0:02:03.884354	-0.045292257194819815
70000	580	0:02:04.499361	-0.04490336825250504
70000	584	0:02:05.105082	-0.04454821754508842
70000	588	0:02:05.712603	-0.043815649579473946
70000	592	0:02:06.317693	-0.045406681128313024
70000	596	0:02:06.925186	-0.04464618334609922
70000	600	0:02:07.534620	-0.0468352603298393
70000	604	0:02:09.506996	-0.045659069934305345
70000	608	0:02:10.148243	-0.0421690410159431
70000	612	0:02:10.756217	-0.044188664676276745
70000	616	0:02:11.359537	-0.04508306582788328
70000	620	0:02:11.991525	-0.04291397787217372
70000	624	0:02:12.597678	-0.04401781877934194
70000	628	0:02:13.202209	-0.043488368963495956
70000	632	0:02:13.813326	-0.04572173092223487
70000	636	0:02:14.422334	-0.04332129940688516
70000	640	0:02:15.030768	-0.044072719116984814
70000	644	0:02:15.641815	-0.04366449673263851
70000	648	0:02:16.246977	-0.04422069612592982
70000	652	0:02:16.850898	-0.041348911873959705
70000	656	0:02:17.461982	-0.04199740361955985
70000	660	0:02:18.096338	-0.045766738245863824
70000	664	0:02:18.700312	-0.041812913428146824
70000	668	0:02:19.303798	-0.04356080070473409
70000	672	0:02:19.906839	-0.04389029075186508
70000	676	0:02:20.527921	-0.04329018891017312
70000	680	0:02:21.137332	-0.04384678344033382
70000	684	0:02:21.744152	-0.04601323408557517
70000	688	0:02:22.346879	-0.04265799022021995
70000	692	0:02:22.951909	-0.04365964521111913
70000	696	0:02:23.559383	-0.044470701231767384
70000	700	0:02:24.191260	-0.04546112527007796
70000	704	0:02:26.154508	-0.042216983701435624
70000	708	0:02:26.786318	-0.04320270160589768
70000	712	0:02:27.396209	-0.04272281345658552
70000	716	0:02:28.000182	-0.04201577158423887
70000	720	0:02:28.605184	-0.04401731149594582
70000	724	0:02:29.213771	-0.0431394765485757
70000	728	0:02:29.818320	-0.04518885941992749
70000	732	0:02:30.426806	-0.04459002381213468
70000	736	0:02:31.029464	-0.04294476838031679
70000	740	0:02:31.634738	-0.040527267944980225
70000	744	0:02:32.240307	-0.044135812057016374
70000	748	0:02:32.849219	-0.041014739995099525
70000	752	0:02:33.455812	-0.042649137943166056
70000	756	0:02:34.060863	-0.04402508849005255
70000	760	0:02:34.666777	-0.042592860004093104
70000	764	0:02:35.273107	-0.04496328167961943
70000	768	0:02:35.882117	-0.04193134337696627
70000	772	0:02:36.499556	-0.03948342481003615
70000	776	0:02:37.134496	-0.04208677316689398
70000	780	0:02:37.738626	-0.04169929595192373
70000	784	0:02:38.350358	-0.04315589814875075
70000	788	0:02:38.959319	-0.0449716809472249
70000	792	0:02:39.568484	-0.039454201834150396
70000	796	0:02:40.172770	-0.043336388590345706
70000	800	0:02:40.776039	-0.04218994942238895
70000	804	0:02:42.814990	-0.04120282176860599
70000	808	0:02:43.520853	-0.04190247118385309
70000	812	0:02:44.183524	-0.042803310917169074
70000	816	0:02:44.844323	-0.04153652557083016
70000	820	0:02:45.541580	-0.043428001460798935
70000	824	0:02:46.251105	-0.04030022956631252
70000	828	0:02:46.922788	-0.04284668083845805
70000	832	0:02:47.604307	-0.04329202773094143
70000	836	0:02:48.263511	-0.04054970696446436
70000	840	0:02:48.896590	-0.04031241283176275
70000	844	0:02:49.573184	-0.043550401171266656
70000	848	0:02:50.297841	-0.04120843568364205
70000	852	0:02:51.016463	-0.04385201255691235
70000	856	0:02:51.700652	-0.042325183691722335
70000	860	0:02:52.378640	-0.04061077318029879
70000	864	0:02:53.013371	-0.041323235962584706
70000	868	0:02:53.705981	-0.03937289347556316
70000	872	0:02:54.410073	-0.040540431528683946
70000	876	0:02:55.111843	-0.04157052666770338
70000	880	0:02:55.786761	-0.04083217493607046
70000	884	0:02:56.452964	-0.03788796074448492
70000	888	0:02:57.122424	-0.04178476781424725
70000	892	0:02:57.750079	-0.04287164045965678
70000	896	0:02:58.382595	-0.039350402704046133
70000	900	0:02:59.011400	-0.04099519390270213
70000	904	0:03:01.008154	-0.04183244022232482
70000	908	0:03:01.649252	-0.04350122670414274
70000	912	0:03:02.291089	-0.04301438740381642
70000	916	0:03:02.938873	-0.040335196989860204
70000	920	0:03:03.570224	-0.04291479327763889
70000	924	0:03:04.193488	-0.04099255891565695
70000	928	0:03:04.829800	-0.04153493710696553
70000	932	0:03:05.498126	-0.04248814966653334
70000	936	0:03:06.183524	-0.038896619347669546
70000	940	0:03:06.969064	-0.04112251507081244
70000	944	0:03:07.642219	-0.043255604041912366
70000	948	0:03:08.270733	-0.040751368238202974
70000	952	0:03:08.921878	-0.040499595081591434
70000	956	0:03:09.564699	-0.04129579338847901
70000	960	0:03:10.196948	-0.03961101846408462
70000	964	0:03:10.813090	-0.042261316730282224
70000	968	0:03:11.474287	-0.04234819118227772
70000	972	0:03:12.088678	-0.03911344630095514
70000	976	0:03:12.740025	-0.04153923421299047
70000	980	0:03:13.415784	-0.039964757117173795
70000	984	0:03:14.065932	-0.04074193069617444
70000	988	0:03:14.771480	-0.042331145140099884
70000	992	0:03:15.424469	-0.03715301888969332
70000	996	0:03:16.094616	-0.03946935164187994
70000	1000	0:03:16.720232	-0.042255572526081676
70000	1004	0:03:18.821086	-0.03954571382423668
70000	1008	0:03:19.446127	-0.03951035906864774
70000	1012	0:03:20.059377	-0.041721073328094896
70000	1016	0:03:20.670149	-0.040234492721104125
70000	1020	0:03:21.291526	-0.039426533811067636
70000	1024	0:03:21.901333	-0.0376436502973611
70000	1028	0:03:22.522744	-0.042622756520553404
70000	1032	0:03:23.234243	-0.03909676637910922
70000	1036	0:03:23.878438	-0.04037423920068498
70000	1040	0:03:24.517927	-0.042192386248373064
70000	1044	0:03:25.176486	-0.03799583933148237
70000	1048	0:03:25.808411	-0.0391360942493598
70000	1052	0:03:26.439028	-0.03980650939842939
70000	1056	0:03:27.057681	-0.03835484325734306
70000	1060	0:03:27.725595	-0.04074165375934323
70000	1064	0:03:28.366762	-0.04019150803821628
70000	1068	0:03:28.994970	-0.04028958467852708
70000	1072	0:03:29.624149	-0.04034388659374236
70000	1076	0:03:30.246710	-0.038797598169469455
70000	1080	0:03:30.863657	-0.03913146571471098
70000	1084	0:03:31.482769	-0.038713141969046315
70000	1088	0:03:32.110498	-0.039786086154047676
70000	1092	0:03:32.770271	-0.04021097005108059
70000	1096	0:03:33.467076	-0.039418257302476147
70000	1100	0:03:34.283074	-0.03850482993509285
70000	1104	0:03:36.449952	-0.03701992982180955
70000	1108	0:03:37.079335	-0.041083565094130275
70000	1112	0:03:37.727095	-0.040613284403834715
70000	1116	0:03:38.367718	-0.039356710680462745
70000	1120	0:03:38.992953	-0.03973793659828825
70000	1124	0:03:39.622736	-0.03933943927622001
70000	1128	0:03:40.256303	-0.03795648364419187
70000	1132	0:03:40.893568	-0.04312798718743103
70000	1136	0:03:41.522576	-0.04053136981421947
70000	1140	0:03:42.174322	-0.04041964661038641
70000	1144	0:03:42.893075	-0.04123587689600832
70000	1148	0:03:43.564534	-0.038961167898585156
70000	1152	0:03:44.233010	-0.04231068776199458
70000	1156	0:03:44.878781	-0.03989026893569983
70000	1160	0:03:45.508858	-0.040969384278991855
70000	1164	0:03:46.138946	-0.04078100480235695
70000	1168	0:03:46.790326	-0.039658851148877725
70000	1172	0:03:47.476689	-0.03873265611246945
70000	1176	0:03:48.147018	-0.041308577613745234
70000	1180	0:03:48.792279	-0.040236141337162926
70000	1184	0:03:49.432509	-0.039945977155196405
70000	1188	0:03:50.068125	-0.041260556297538664
70000	1192	0:03:50.695863	-0.03919185065911033
70000	1196	0:03:51.332547	-0.03891482412827141
70000	1200	0:03:51.981919	-0.041623053654857314
70000	1204	0:03:54.050854	-0.03982234346444075
70000	1208	0:03:54.720915	-0.039614975897832534
70000	1212	0:03:55.361478	-0.040164330735054335
70000	1216	0:03:56.024081	-0.04210431831285935
70000	1220	0:03:56.671943	-0.03793052298910768
70000	1224	0:03:57.309141	-0.03985206933389171
70000	1228	0:03:57.955424	-0.038349100538323626
70000	1232	0:03:58.600502	-0.04180690871296084
70000	1236	0:03:59.245773	-0.039358017525809134
70000	1240	0:03:59.896778	-0.04026875310771508
70000	1244	0:04:00.539745	-0.0386853121892001
70000	1248	0:04:01.157953	-0.03966174265329904
70000	1252	0:04:01.808779	-0.036876049176682524
70000	1256	0:04:02.449179	-0.041538139727843565
70000	1260	0:04:03.094733	-0.036671422984992236
70000	1264	0:04:03.742943	-0.03890176015337162
70000	1268	0:04:04.391948	-0.039576278570869164
70000	1272	0:04:05.033062	-0.04021735503853864
70000	1276	0:04:05.683559	-0.03963213289957384
70000	1280	0:04:06.299273	-0.03833352702534221
70000	1284	0:04:06.916929	-0.03948049075303514
70000	1288	0:04:07.573703	-0.03930339148949345
70000	1292	0:04:08.226107	-0.037770044666497644
70000	1296	0:04:08.843479	-0.04127072538446882
70000	1300	0:04:09.470976	-0.03840844664647754
70000	1304	0:04:11.585474	-0.04121802361710207
70000	1308	0:04:12.258272	-0.03908213837317089
70000	1312	0:04:12.882240	-0.03788989644188851
70000	1316	0:04:13.502936	-0.038744259617285906
70000	1320	0:04:14.131848	-0.03908575334842547
70000	1324	0:04:14.752656	-0.03970074090846141
70000	1328	0:04:15.426987	-0.038096231786386214
70000	1332	0:04:16.061485	-0.0408125465422755
70000	1336	0:04:16.690150	-0.04128580077253224
70000	1340	0:04:17.315739	-0.03947116071659487
70000	1344	0:04:17.942672	-0.039810798412105
70000	1348	0:04:18.580720	-0.03976566963859702
70000	1352	0:04:19.204571	-0.04255895623176047
70000	1356	0:04:19.825122	-0.038994161866667446
70000	1360	0:04:20.443315	-0.03837272770853242
70000	1364	0:04:21.067917	-0.03828767560641195
70000	1368	0:04:21.705991	-0.040420569770634796
70000	1372	0:04:22.328257	-0.03921010102111519
70000	1376	0:04:22.969644	-0.03818459914010184
70000	1380	0:04:23.655582	-0.03877856064353297
70000	1384	0:04:24.294084	-0.03794375047000564
70000	1388	0:04:24.936919	-0.03983077816613577
70000	1392	0:04:25.575957	-0.036832926525181275
70000	1396	0:04:26.210807	-0.03872439679629784
70000	1400	0:04:26.869677	-0.037332977525893034
70000	1404	0:04:28.944844	-0.03925267723897682
70000	1408	0:04:29.593971	-0.0386474613346147
70000	1412	0:04:30.210191	-0.038736045921872346
70000	1416	0:04:30.826006	-0.039800393814061995
70000	1420	0:04:31.458937	-0.037575297359447694
70000	1424	0:04:32.090486	-0.03668906043425503
70000	1428	0:04:32.718145	-0.04030930731674443
70000	1432	0:04:33.345596	-0.03873438613478797
70000	1436	0:04:33.972345	-0.03930846521743238
70000	1440	0:04:34.604792	-0.03614904912977446
70000	1444	0:04:35.231393	-0.039201293211686035
70000	1448	0:04:35.866310	-0.040594619776399686
70000	1452	0:04:36.509266	-0.036829913679792145
70000	1456	0:04:37.125571	-0.04027804690155083
70000	1460	0:04:37.738865	-0.039097986535302456
70000	1464	0:04:38.356014	-0.03735648060757079
70000	1468	0:04:38.971809	-0.03707061999138531
70000	1472	0:04:39.592311	-0.03787380200382036
70000	1476	0:04:40.206752	-0.03612030469660525
70000	1480	0:04:40.831310	-0.035762549541920846
70000	1484	0:04:41.445589	-0.03849053031772374
70000	1488	0:04:42.077807	-0.038186016498128576
70000	1492	0:04:42.709069	-0.03911047584003064
70000	1496	0:04:43.339326	-0.03816278663271755
70000	1500	0:04:43.983060	-0.03956987245056558
70000	1504	0:04:46.012437	-0.03803938540236158
70000	1508	0:04:46.693528	-0.03980492623790544
70000	1512	0:04:47.312806	-0.03543875412045602
70000	1516	0:04:47.932494	-0.03736292351625495
70000	1520	0:04:48.560786	-0.038438601398106266
70000	1524	0:04:49.182138	-0.039044245589897025
70000	1528	0:04:49.807129	-0.03629683254100469
70000	1532	0:04:50.429774	-0.03601430024917622
70000	1536	0:04:51.070262	-0.036446332141657635
70000	1540	0:04:51.686084	-0.037689222295037406
70000	1544	0:04:52.302474	-0.03769107647161428
70000	1548	0:04:52.913458	-0.03474219081207479
70000	1552	0:04:53.532798	-0.037242328054111665
70000	1556	0:04:54.158899	-0.037399537091991605
70000	1560	0:04:54.777504	-0.03779674116334528
70000	1564	0:04:55.412104	-0.035572945801110305
70000	1568	0:04:56.047604	-0.03776685285198644
70000	1572	0:04:56.686837	-0.037060504130110514
70000	1576	0:04:57.360114	-0.03654352960112786
70000	1580	0:04:57.989520	-0.03873363232309309
70000	1584	0:04:58.609251	-0.03753457692208137
70000	1588	0:04:59.229190	-0.03704733769799645
70000	1592	0:04:59.896573	-0.0367552519990344
70000	1596	0:05:00.530599	-0.03572764481595563
70000	1600	0:05:01.149511	-0.03660067672566522
70000	1604	0:05:03.202021	-0.03659435474490996
70000	1608	0:05:03.839757	-0.038120498224729356
70000	1612	0:05:04.457925	-0.03648697351275159
70000	1616	0:05:05.077201	-0.035322977809681855
70000	1620	0:05:05.696347	-0.03703522179238176
70000	1624	0:05:06.311743	-0.036510464717016376
70000	1628	0:05:06.930184	-0.03544296239799302
70000	1632	0:05:07.547325	-0.031544247689551115
70000	1636	0:05:08.167627	-0.03573344442153646
70000	1640	0:05:08.829084	-0.03707893750961601
70000	1644	0:05:09.468011	-0.03742186870939922
70000	1648	0:05:10.105272	-0.03607420668657065
70000	1652	0:05:10.742311	-0.036338055170575506
70000	1656	0:05:11.478193	-0.03807190777327778
70000	1660	0:05:12.198705	-0.03521370250299819
70000	1664	0:05:12.841095	-0.035380182937366916
70000	1668	0:05:13.504964	-0.037326061905137035
70000	1672	0:05:14.159187	-0.038267116596567965
70000	1676	0:05:14.803836	-0.03619367080230535
70000	1680	0:05:15.448957	-0.037786349793784015
70000	1684	0:05:16.091390	-0.037539836758059525
70000	1688	0:05:16.729451	-0.03735246602801154
70000	1692	0:05:17.377741	-0.03759701206247412
70000	1696	0:05:18.067129	-0.03721040630407785
70000	1700	0:05:18.695162	-0.03904672731001101
70000	1704	0:05:20.738523	-0.038579447036703234
70000	1708	0:05:21.382345	-0.03698236843876268
70000	1712	0:05:22.005794	-0.037262722776021454
70000	1716	0:05:22.628670	-0.03819972818919003
70000	1720	0:05:23.301373	-0.03809603820250884
70000	1724	0:05:23.930018	-0.03692987001763865
70000	1728	0:05:24.563338	-0.03664674678760761
70000	1732	0:05:25.213589	-0.03659198526351263
70000	1736	0:05:25.857767	-0.035173994806936094
70000	1740	0:05:26.494013	-0.036756681297266086
70000	1744	0:05:27.133865	-0.03760449011524241
70000	1748	0:05:27.788735	-0.036875679097396086
70000	1752	0:05:28.452103	-0.03623065585919499
70000	1756	0:05:29.090412	-0.03870348031469845
70000	1760	0:05:29.730607	-0.03646182853140199
70000	1764	0:05:30.377382	-0.0372890806976956
70000	1768	0:05:31.033100	-0.03539854250488422
70000	1772	0:05:31.681976	-0.038231629058945685
70000	1776	0:05:32.322833	-0.037509520105689906
70000	1780	0:05:32.957871	-0.03496464953465325
70000	1784	0:05:33.607978	-0.03578677957790719
70000	1788	0:05:34.272837	-0.0351892968535959
70000	1792	0:05:34.924872	-0.034059343354099006
70000	1796	0:05:35.615047	-0.035667523212936196
70000	1800	0:05:36.259237	-0.0378680848128145
70000	1804	0:05:38.388499	-0.03984078604290809
70000	1808	0:05:39.079302	-0.035548841915407345
70000	1812	0:05:39.721182	-0.037831877526454304
70000	1816	0:05:40.367212	-0.037296269532247545
70000	1820	0:05:41.003613	-0.036064015388367496
70000	1824	0:05:41.657886	-0.03560364095870028
70000	1828	0:05:42.309304	-0.034719292438477455
70000	1832	0:05:42.946575	-0.037444580206049426
70000	1836	0:05:43.582941	-0.03646377571464431
70000	1840	0:05:44.219920	-0.0385317527546745
70000	1844	0:05:44.847372	-0.036786839739089944
70000	1848	0:05:45.474769	-0.03746945647624658
70000	1852	0:05:46.151443	-0.03668231918215054
70000	1856	0:05:46.770127	-0.036276597836151725
70000	1860	0:05:47.390342	-0.035143283054388456
70000	1864	0:05:48.009481	-0.03495692852208809
70000	1868	0:05:48.633617	-0.03704320210419668
70000	1872	0:05:49.257113	-0.03526217291233844
70000	1876	0:05:49.879775	-0.03687728922181656
70000	1880	0:05:50.498486	-0.03732786754686628
70000	1884	0:05:51.133119	-0.03419993073914831
70000	1888	0:05:51.769963	-0.037586729669904534
70000	1892	0:05:52.393203	-0.039420476675964204
70000	1896	0:05:53.016834	-0.035942709174005355
70000	1900	0:05:53.641138	-0.03815560350119931
70000	1904	0:05:55.743159	-0.03919292725059394
70000	1908	0:05:56.396123	-0.04079405040769764
70000	1912	0:05:57.015774	-0.037316276337270166
70000	1916	0:05:57.638863	-0.03677440237813751
70000	1920	0:05:58.264914	-0.03720111218348227
70000	1924	0:05:58.925729	-0.034567629346785714
70000	1928	0:05:59.561338	-0.03806746620717459
70000	1932	0:06:00.219036	-0.038833985443592074
70000	1936	0:06:00.855766	-0.035314937922882754
70000	1940	0:06:01.499368	-0.036285871979263105
70000	1944	0:06:02.135075	-0.037393184842311335
70000	1948	0:06:02.771844	-0.03646372156316684
70000	1952	0:06:03.402816	-0.03641340881579153
70000	1956	0:06:04.019197	-0.035673850662145005
70000	1960	0:06:04.659554	-0.03696949703068762
70000	1964	0:06:05.287481	-0.03752585994382117
70000	1968	0:06:05.920458	-0.03773430798371651
70000	1972	0:06:06.552704	-0.03721907727496311
70000	1976	0:06:07.177057	-0.0356096992051272
70000	1980	0:06:07.815699	-0.03610341473601978
70000	1984	0:06:08.452784	-0.037368007357250654
70000	1988	0:06:09.135150	-0.03629134405904112
70000	1992	0:06:09.791930	-0.03938014469026129
70000	1996	0:06:10.426345	-0.034753274134305304
70000	2000	0:06:11.108766	-0.0371150912693593
70000	2004	0:06:13.133856	-0.03521168731536609
70000	2008	0:06:13.778154	-0.03617219390213034
70000	2012	0:06:14.405391	-0.03440669942570786
70000	2016	0:06:15.026967	-0.037161258915104
70000	2020	0:06:15.657787	-0.03337096836697892
70000	2024	0:06:16.305504	-0.03675542540452861
70000	2028	0:06:16.952973	-0.037467016388934876
70000	2032	0:06:17.633577	-0.03765913284482521
70000	2036	0:06:18.258210	-0.038962469092468935
70000	2040	0:06:18.933850	-0.037115285667191945
70000	2044	0:06:19.577139	-0.03747465567737043
70000	2048	0:06:20.210460	-0.035263967857272635
70000	2052	0:06:20.893632	-0.03897430504072176
70000	2056	0:06:21.532898	-0.03836321883556274
70000	2060	0:06:22.162348	-0.03563817863391125
70000	2064	0:06:22.798843	-0.03628071376390193
70000	2068	0:06:23.423746	-0.03782071621194317
70000	2072	0:06:24.059664	-0.03542137986738211
70000	2076	0:06:24.734944	-0.03645729545700383
70000	2080	0:06:25.420430	-0.03786270814670503
70000	2084	0:06:26.057499	-0.03611027819845521
70000	2088	0:06:26.701381	-0.040764666624219105
70000	2092	0:06:27.314635	-0.03413837797147957
70000	2096	0:06:27.947885	-0.0365297166190414
70000	2100	0:06:28.602410	-0.03850398393551299
